[Kodak]
default = True
lower_than_half_width = 350
width = 55
length = 28.3
higher_than_half_width = 150
min_width = 30
sections = 23
targets = [0, 2, 4, 6, 10, 14, 18, 22, 26, 30, 34, 38, 42, 46, 50, 54, 58, 62, 66, 70, 74, 78, 82]

[SilverFast]
default = False
lower_than_half_width = 350
width = 58
length = 29.565217391
higher_than_half_width = 150
min_width = 30
sections = 23
targets = [-0.52092785492440896, 0.68875918122421353, 4.1800529262868196, 8.393039269900143, 11.461662474176066, 14.68189475302762, 17.588581828821702, 21.220627986652374, 24.920723136554116, 29.254130282286667, 33.052541701566149, 36.708270788192792, 41.849956886256997, 45.617906387751439, 49.942776712112774, 55.33585312531396, 59.590076718570792, 62.761848962240691, 67.840059372284031, 70.987398708240633, 74.2717711951654, 77.263713223549473, 78.909282234749227]

